36,0
35,5
35,4
35,3
35,2
35,1
35,0
34,6
34,5
34,4
34,3
34,2
34,1
34,0
33,7
33,6
33,5
33,4
33,3
33,2
33,1
33,0
32,6
32,5
32,4
32,3
32,2
32,1
32,0
31,8
31,7
31,6
31,5
31,4
31,3
31,2
31,1
31,0
30,4
30,3
30,2
30,1
30,0
29,7
29,6
29,5
29,4
29,3
29,2
29,1
29,0
28,3
28,2
28,1
28,0
27,3
27,2
27,1
27,0
26,3
26,2
26,1
26,0
25,3
25,2
25,1
25,0
24,3
24,2
24,1
24,0
23,3
23,2
23,1
23,0
22,3
22,2
22,1
22,0
21,3
21,2
21,1
21,0
20,3
20,2
20,1
20,0
19,3
19,2
19,1
19,0
18,3
18,2
18,1
18,0
17,18
17,17
17,16
17,15
17,14
17,13
17,12
17,11
17,10
17,9
17,8
17,7
17,6
17,5
17,4
17,3
17,2
17,1
17,0
16,5
16,4
16,3
16,2
16,1
16,0
15,3
15,2
15,1
15,0
14,5
14,4
14,3
14,2
14,1
14,0
13,3
13,2
13,1
13,0
12,7
12,6
12,5
12,4
12,3
12,2
12,1
12,0
11,9
11,8
11,7
11,6
11,5
11,4
11,3
11,2
11,1
11,0
10,7
10,6
10,5
10,4
10,3
10,2
10,1
10,0
9,6
9,5
9,4
9,3
9,2
9,1
9,0
8,10
8,9
8,8
8,7
8,6
8,5
8,4
8,3
8,2
8,1
8,0
7,3
5,65
5,64
5,35
5,34
5,33
5,32
5,31
5,30
5,29
5,28
5,27
5,26
5,25
5,24
5,23
5,22
5,21
5,20
5,19
5,18
5,17
5,16
5,15
5,14
5,13
5,12
5,11
5,10
5,9
5,8
5,7
5,6
5,5
5,4
5,3
5,2
5,0
4,3
3,2
3,0
2,2
2,0
1,2
1,0
0,63
0,61
0,60
0,58
0,57
0,55
0,52
0,51
0,9
0,2
0,0
36,1
36,2
36,4
36,5
37,1
37,2
38,0
38,2
38,3
38,5
39,0
39,2
39,4
40,0
40,2
40,3
40,5
40,6
41,1
41,3
41,4
41,6
42,0
42,2
42,4
42,5
42,7
42,8
43,0
43,1
43,3
44,1
44,2
44,4
44,5
44,7
45,0
45,1
45,3
45,4
45,6
45,7
46,0
46,2
46,3
46,5
47,0
47,2
48,0
48,1
48,3
48,4
48,6
48,8
48,9
49,0
49,1
49,3
49,4
49,6
50,1
50,2
50,4
51,0
51,2
51,4
51,5
52,1
52,2
52,4
52,5
52,7
52,9
52,10
52,12
53,0
53,2
53,4
53,5
53,7
53,8
54,0
54,1
54,3
54,5
55,0
55,2
55,3
55,5
56,1
56,2
56,4
56,5
56,7
57,0
57,1
57,3
58,0
58,2
58,3
59,1
59,3
60,0
60,2
60,3
60,5
61,1
61,2
61,4
61,5
62,0
62,1
62,3
62,5
62,6
62,8
62,9
63,0
63,2
63,3
63,5
63,6
64,1
64,2
65,0
65,2
65,3
65,5
66,0
66,2
66,4
66,5
67,1
67,2
67,4
67,5
67,7
68,0
68,1
68,3
68,4
68,6
69,1
69,2
69,4
69,5
69,7
69,9
69,10
69,12
70,0
70,2
70,3
71,0
71,2
71,3
71,5
71,6
71,8
72,0
72,1
72,3
72,4
73,0
73,1
73,3
73,5
73,6
74,1
74,2
74,4
75,0
75,1
75,3
75,4
75,6
75,7
76,1
76,3
76,4
76,6
76,7
76,9
76,11
77,0
77,2
77,3
77,5
77,7
77,8
77,10
77,11
77,13
78,0
78,2
78,4
78,5
78,7
78,8
78,10
79,0
79,1
79,3
79,4
79,6
79,7
79,9
80,0
80,1
80,3
80,4
80,6
81,1
81,2
81,4
81,5
81,7
81,8
81,10
81,12
81,13
82,0
82,1
82,3
82,5
82,6
82,8
82,9
82,11
82,12
83,0
83,2
83,3
83,5
83,6
84,0
84,2
84,3
84,5
84,6
85,1
85,3
85,4
85,6
86,0
86,2
86,3
86,5
87,0
87,1
87,3
87,4
87,6
88,1
88,2
88,4
88,5
88,7
88,8
88,10
88,12
88,13
88,15
88,16
88,18
89,1
89,2
89,4
89,5
89,7
89,8
90,1
90,3
90,4
90,6
90,7
90,9
90,11
90,12
91,0
91,1
91,3
91,5
91,6
91,8
91,9
91,11
91,12
91,14
91,16
92,0
92,2
92,3
92,5
93,0
93,1
93,3
93,4
93,6
93,7
93,9
94,1
94,2
94,4
94,5
94,7
95,1
95,2
95,4
95,5
95,7
95,8
95,10
95,12
95,13
95,15
95,16
96,1
96,3
96,4
97,0
97,1
97,3
97,5
98,0
98,2
98,3
98,5
99,0
99,2
99,4
99,5
100,0
100,1
100,3
100,5
100,6
101,1
101,2
101,4
101,5
102,0
102,2
102,3
102,5
102,6
103,1
103,3
103,4
103,6
104,0
104,2
104,3
104,5
105,0
105,1
105,3
105,4
105,6
106,1
106,2
106,4
106,5
107,0
107,1
107,3
107,5
107,6
108,1
108,2
108,4
108,6
109,0
109,2
109,3
109,5
110,0
110,1
110,3
110,4
110,6
111,0
111,2
111,4
111,5
112,0
112,1
112,3
112,5
112,6
113,1
113,2
113,4
113,5
114,0
114,2
114,3
114,5
114,6
115,1
115,3
115,4
115,6
116,0
116,2
116,3
116,5
117,0
117,1
117,3
117,4
117,6
118,1
118,2
118,4
118,5
119,0
119,2
119,3
119,5
119,6
120,1
120,2
120,4
120,6
121,0
121,2
121,3
121,5
122,0
122,1
122,3
122,4
122,6
123,0
123,2
123,4
123,5
124,0
124,1
124,3
124,5
124,6
125,1
125,2
125,4
125,5
126,0
126,2
126,3
126,5
126,6
127,1
127,3
127,4
127,6
128,0
128,2
128,3
128,5
129,0
129,1
129,3
129,4
129,6
130,1
130,2
130,4
130,5
131,0
131,2
131,3
131,5
131,6
132,1
132,2
132,4
132,6
133,0
133,2
133,3
133,5
134,0
134,1
134,3
134,4
134,6
135,0
135,2
135,4
135,5
136,0
136,1
136,3
136,5
136,6
137,1
137,2
137,4
137,5
138,0
138,2
138,3
138,5
138,6
139,1
139,3
139,4
139,6
140,0
140,2
140,4
140,5
141,0
141,1
141,3
141,4
141,6
142,1
142,2
142,4
142,5
143,0
143,2
143,3
143,5
143,6
144,1
144,2
144,4
144,6
145,0
145,2
145,3
145,5
145,6
145,4
145,1
144,5
144,3
144,0
143,4
143,1
142,6
142,3
142,0
141,5
141,2
140,6
140,3
140,1
139,5
139,2
139,0
138,4
138,1
137,6
137,3
137,0
136,4
136,2
135,6
135,3
135,1
134,5
134,2
133,6
133,4
133,1
132,5
132,3
132,0
131,4
131,1
130,6
130,3
130,0
129,5
129,2
128,6
128,4
128,1
127,5
127,2
127,0
126,4
126,1
125,6
125,3
125,0
124,4
124,2
123,6
123,3
123,1
122,5
122,2
121,6
121,4
121,1
120,5
120,3
120,0
119,4
119,1
118,6
118,3
118,0
117,5
117,2
116,6
116,4
116,1
115,5
115,2
115,0
114,4
114,1
113,6
113,3
113,0
112,4
112,2
111,6
111,3
111,1
110,5
110,2
109,6
109,4
109,1
108,5
108,3
108,0
107,4
107,2
106,6
106,3
106,0
105,5
105,2
104,6
104,4
104,1
103,5
103,2
103,0
102,4
102,1
101,6
101,3
101,0
100,4
100,2
99,6
99,3
99,1
98,4
98,1
97,4
97,2
96,5
96,2
96,0
95,14
95,11
95,9
95,6
95,3
95,0
94,6
94,3
94,0
93,8
93,5
93,2
92,6
92,4
92,1
91,15
91,13
91,10
91,7
91,4
91,2
90,13
90,10
90,8
90,5
90,2
90,0
89,6
89,3
89,0
88,17
88,14
88,11
88,9
88,6
88,3
88,0
87,5
87,2
86,6
86,4
86,1
85,5
85,2
85,0
84,4
84,1
83,7
83,4
83,1
82,13
82,10
82,7
82,4
82,2
81,14
81,11
81,9
81,6
81,3
81,0
80,5
80,2
79,10
79,8
79,5
79,2
78,11
78,9
78,6
78,3
78,1
77,12
77,9
77,6
77,4
77,1
76,10
76,8
76,5
76,2
76,0
75,5
75,2
74,5
74,3
74,0
73,4
73,2
72,5
72,2
71,9
71,7
71,4
71,1
70,4
70,1
69,11
69,8
69,6
69,3
69,0
68,5
68,2
67,8
67,6
67,3
67,0
66,3
66,1
65,4
65,1
64,3
64,0
63,4
63,1
62,10
62,7
62,4
62,2
61,6
61,3
61,0
60,4
60,1
59,2
59,0
58,1
57,2
56,8
56,6
56,3
56,0
55,4
55,1
54,4
54,2
53,9
53,6
53,3
53,1
52,11
52,8
52,6
52,3
52,0
51,3
51,1
50,3
50,0
49,5
49,2
48,10
48,7
48,5
48,2
47,3
47,1
46,4
46,1
45,8
45,5
45,2
44,8
44,6
44,3
44,0
43,2
42,9
42,6
42,3
42,1
41,5
41,2
41,0
40,4
40,1
39,3
39,1
38,4
38,1
37,3
37,0
36,3
0,62
0,59
0,54
1,45
3,44
2,44
1,44
3,43
2,43
1,43
3,42
2,42
1,42
3,41
2,41
1,41
3,40
2,40
1,40
3,39
2,39
1,39
3,38
2,38
1,38
3,37
2,37
1,37
3,36
2,36
1,36
3,35
2,35
1,35
3,34
2,34
1,34
3,33
2,33
1,33
3,32
2,32
1,32
3,31
2,31
1,31
3,30
2,30
1,30
3,29
2,29
1,29
3,28
2,28
1,28
3,27
2,27
1,27
3,26
2,26
1,26
3,25
2,25
1,25
3,24
2,24
1,24
3,23
2,23
1,23
3,22
2,22
1,22
3,21
2,21
1,21
3,20
2,20
1,20
3,19
2,19
1,19
3,18
2,18
1,18
3,17
2,17
1,17
3,16
2,16
1,16
3,15
2,15
1,15
3,14
2,14
1,14
3,13
2,13
1,13
3,12
2,12
1,12
3,11
2,11
1,11
3,10
2,10
1,10
3,9
2,9
1,9
3,8
2,8
1,8
3,7
2,7
1,7
3,6
2,6
1,6
3,5
2,5
1,5
3,4
2,4
1,4
3,3
2,3
1,3
0,6
0,5
0,47
0,46
0,49
0,48
0,45
0,56
0,12
0,50
0,10
0,8
0,53
0,11
0,7
0,4
0,3
